0	0	pa01_25fps.yuv	pa01_25fps.yuv	0.0000	768	432	250
0	1	pa01_25fps.yuv	pa02_25fps.yuv	0.2702	768	432	250
0	1	pa01_25fps.yuv	pa03_25fps.yuv	0.7799	768	432	250
0	1	pa01_25fps.yuv	pa04_25fps.yuv	0.7066	768	432	250
0	1	pa01_25fps.yuv	pa05_25fps.yuv	0.8798	768	432	250
0	2	pa01_25fps.yuv	pa06_25fps.yuv	0.8550	768	432	250
0	2	pa01_25fps.yuv	pa07_25fps.yuv	0.6435	768	432	250
0	2	pa01_25fps.yuv	pa08_25fps.yuv	0.6040	768	432	250
0	3	pa01_25fps.yuv	pa09_25fps.yuv	0.1914	768	432	250
0	3	pa01_25fps.yuv	pa10_25fps.yuv	0.4315	768	432	250
0	3	pa01_25fps.yuv	pa11_25fps.yuv	0.5837	768	432	250
0	3	pa01_25fps.yuv	pa12_25fps.yuv	0.7522	768	432	250
0	4	pa01_25fps.yuv	pa13_25fps.yuv	0.2397	768	432	250
0	4	pa01_25fps.yuv	pa14_25fps.yuv	0.4005	768	432	250
0	4	pa01_25fps.yuv	pa15_25fps.yuv	0.4930	768	432	250
0	4	pa01_25fps.yuv	pa16_25fps.yuv	0.6911	768	432	250
1	0	rb01_25fps.yuv	rb01_25fps.yuv	0.0000	768	432	250
1	1	rb01_25fps.yuv	rb02_25fps.yuv	0.6769	768	432	250
1	1	rb01_25fps.yuv	rb03_25fps.yuv	0.3047	768	432	250
1	1	rb01_25fps.yuv	rb04_25fps.yuv	0.4666	768	432	250
1	1	rb01_25fps.yuv	rb05_25fps.yuv	0.3096	768	432	250
1	2	rb01_25fps.yuv	rb06_25fps.yuv	0.7401	768	432	250
1	2	rb01_25fps.yuv	rb07_25fps.yuv	0.4753	768	432	250
1	2	rb01_25fps.yuv	rb08_25fps.yuv	0.4722	768	432	250
1	3	rb01_25fps.yuv	rb09_25fps.yuv	0.1644	768	432	250
1	3	rb01_25fps.yuv	rb10_25fps.yuv	0.2537	768	432	250
1	3	rb01_25fps.yuv	rb11_25fps.yuv	0.4961	768	432	250
1	3	rb01_25fps.yuv	rb12_25fps.yuv	0.6499	768	432	250
1	4	rb01_25fps.yuv	rb13_25fps.yuv	0.1581	768	432	250
1	4	rb01_25fps.yuv	rb14_25fps.yuv	0.2920	768	432	250
1	4	rb01_25fps.yuv	rb15_25fps.yuv	0.3398	768	432	250
1	4	rb01_25fps.yuv	rb16_25fps.yuv	0.3303	768	432	250
2	0	rh01_25fps.yuv	rh01_25fps.yuv	0.0000	768	432	250
2	1	rh01_25fps.yuv	rh02_25fps.yuv	0.7408	768	432	250
2	1	rh01_25fps.yuv	rh03_25fps.yuv	0.6497	768	432	250
2	1	rh01_25fps.yuv	rh04_25fps.yuv	0.3401	768	432	250
2	1	rh01_25fps.yuv	rh05_25fps.yuv	0.4093	768	432	250
2	2	rh01_25fps.yuv	rh06_25fps.yuv	0.4836	768	432	250
2	2	rh01_25fps.yuv	rh07_25fps.yuv	0.6260	768	432	250
2	2	rh01_25fps.yuv	rh08_25fps.yuv	0.2339	768	432	250
2	3	rh01_25fps.yuv	rh09_25fps.yuv	0.1380	768	432	250
2	3	rh01_25fps.yuv	rh10_25fps.yuv	0.2886	768	432	250
2	3	rh01_25fps.yuv	rh11_25fps.yuv	0.4519	768	432	250
2	3	rh01_25fps.yuv	rh12_25fps.yuv	0.6382	768	432	250
2	4	rh01_25fps.yuv	rh13_25fps.yuv	0.0105	768	432	250
2	4	rh01_25fps.yuv	rh14_25fps.yuv	0.2373	768	432	250
2	4	rh01_25fps.yuv	rh15_25fps.yuv	0.4213	768	432	250
2	4	rh01_25fps.yuv	rh16_25fps.yuv	0.6226	768	432	250
3	0	tr01_25fps.yuv	tr01_25fps.yuv	0.0000	768	432	250
3	1	tr01_25fps.yuv	tr02_25fps.yuv	0.8031	768	432	250
3	1	tr01_25fps.yuv	tr03_25fps.yuv	0.8203	768	432	250
3	1	tr01_25fps.yuv	tr04_25fps.yuv	0.6713	768	432	250
3	1	tr01_25fps.yuv	tr05_25fps.yuv	0.4415	768	432	250
3	2	tr01_25fps.yuv	tr06_25fps.yuv	0.8469	768	432	250
3	2	tr01_25fps.yuv	tr07_25fps.yuv	0.4861	768	432	250
3	2	tr01_25fps.yuv	tr08_25fps.yuv	0.4283	768	432	250
3	3	tr01_25fps.yuv	tr09_25fps.yuv	0.1539	768	432	250
3	3	tr01_25fps.yuv	tr10_25fps.yuv	0.3351	768	432	250
3	3	tr01_25fps.yuv	tr11_25fps.yuv	0.5171	768	432	250
3	3	tr01_25fps.yuv	tr12_25fps.yuv	0.6543	768	432	250
3	4	tr01_25fps.yuv	tr13_25fps.yuv	0.0504	768	432	250
3	4	tr01_25fps.yuv	tr14_25fps.yuv	0.2309	768	432	250
3	4	tr01_25fps.yuv	tr15_25fps.yuv	0.5016	768	432	250
3	4	tr01_25fps.yuv	tr16_25fps.yuv	0.6923	768	432	250
4	0	st01_25fps.yuv	st01_25fps.yuv	0.0000	768	432	250
4	1	st01_25fps.yuv	st02_25fps.yuv	0.6912	768	432	250
4	1	st01_25fps.yuv	st03_25fps.yuv	0.6050	768	432	250
4	1	st01_25fps.yuv	st04_25fps.yuv	0.2606	768	432	250
4	1	st01_25fps.yuv	st05_25fps.yuv	0.2086	768	432	250
4	2	st01_25fps.yuv	st06_25fps.yuv	0.5478	768	432	250
4	2	st01_25fps.yuv	st07_25fps.yuv	0.2655	768	432	250
4	2	st01_25fps.yuv	st08_25fps.yuv	0.3473	768	432	250
4	3	st01_25fps.yuv	st09_25fps.yuv	0.1958	768	432	250
4	3	st01_25fps.yuv	st10_25fps.yuv	0.3111	768	432	250
4	3	st01_25fps.yuv	st11_25fps.yuv	0.4258	768	432	250
4	3	st01_25fps.yuv	st12_25fps.yuv	0.5006	768	432	250
4	4	st01_25fps.yuv	st13_25fps.yuv	0.1109	768	432	250
4	4	st01_25fps.yuv	st14_25fps.yuv	0.2394	768	432	250
4	4	st01_25fps.yuv	st15_25fps.yuv	0.3635	768	432	250
4	4	st01_25fps.yuv	st16_25fps.yuv	0.5273	768	432	250
5	0	sf01_25fps.yuv	sf01_25fps.yuv	0.0000	768	432	250
5	1	sf01_25fps.yuv	sf02_25fps.yuv	0.4775	768	432	250
5	1	sf01_25fps.yuv	sf03_25fps.yuv	0.6439	768	432	250
5	1	sf01_25fps.yuv	sf04_25fps.yuv	0.5161	768	432	250
5	1	sf01_25fps.yuv	sf05_25fps.yuv	0.3655	768	432	250
5	2	sf01_25fps.yuv	sf06_25fps.yuv	0.5666	768	432	250
5	2	sf01_25fps.yuv	sf07_25fps.yuv	0.2761	768	432	250
5	2	sf01_25fps.yuv	sf08_25fps.yuv	0.1626	768	432	250
5	3	sf01_25fps.yuv	sf09_25fps.yuv	0.0330	768	432	250
5	3	sf01_25fps.yuv	sf10_25fps.yuv	0.2603	768	432	250
5	3	sf01_25fps.yuv	sf11_25fps.yuv	0.4779	768	432	250
5	3	sf01_25fps.yuv	sf12_25fps.yuv	0.5219	768	432	250
5	4	sf01_25fps.yuv	sf13_25fps.yuv	0.2003	768	432	250
5	4	sf01_25fps.yuv	sf14_25fps.yuv	0.2729	768	432	250
5	4	sf01_25fps.yuv	sf15_25fps.yuv	0.3640	768	432	250
5	4	sf01_25fps.yuv	sf16_25fps.yuv	0.4532	768	432	250
6	0	bs01_25fps.yuv	bs01_25fps.yuv	0.0000	768	432	217
6	1	bs01_25fps.yuv	bs02_25fps.yuv	0.7567	768	432	217
6	1	bs01_25fps.yuv	bs03_25fps.yuv	0.4380	768	432	217
6	1	bs01_25fps.yuv	bs04_25fps.yuv	0.3996	768	432	217
6	1	bs01_25fps.yuv	bs05_25fps.yuv	0.4971	768	432	217
6	2	bs01_25fps.yuv	bs06_25fps.yuv	0.6144	768	432	217
6	2	bs01_25fps.yuv	bs07_25fps.yuv	0.2984	768	432	217
6	2	bs01_25fps.yuv	bs08_25fps.yuv	0.1994	768	432	217
6	3	bs01_25fps.yuv	bs09_25fps.yuv	0.0199	768	432	217
6	3	bs01_25fps.yuv	bs10_25fps.yuv	0.1134	768	432	217
6	3	bs01_25fps.yuv	bs11_25fps.yuv	0.1534	768	432	217
6	3	bs01_25fps.yuv	bs12_25fps.yuv	0.4230	768	432	217
6	4	bs01_25fps.yuv	bs13_25fps.yuv	0.0355	768	432	217
6	4	bs01_25fps.yuv	bs14_25fps.yuv	0.2600	768	432	217
6	4	bs01_25fps.yuv	bs15_25fps.yuv	0.3896	768	432	217
6	4	bs01_25fps.yuv	bs16_25fps.yuv	0.4479	768	432	217
7	0	sh01_50fps.yuv	sh01_50fps.yuv	0.0000	768	432	500
7	1	sh01_50fps.yuv	sh02_50fps.yuv	1.0000	768	432	500
7	1	sh01_50fps.yuv	sh03_50fps.yuv	0.7887	768	432	500
7	1	sh01_50fps.yuv	sh04_50fps.yuv	0.4774	768	432	500
7	1	sh01_50fps.yuv	sh05_50fps.yuv	0.3722	768	432	500
7	2	sh01_50fps.yuv	sh06_50fps.yuv	0.4896	768	432	500
7	2	sh01_50fps.yuv	sh07_50fps.yuv	0.6042	768	432	500
7	2	sh01_50fps.yuv	sh08_50fps.yuv	0.3043	768	432	500
7	3	sh01_50fps.yuv	sh09_50fps.yuv	0.1056	768	432	500
7	3	sh01_50fps.yuv	sh10_50fps.yuv	0.1963	768	432	500
7	3	sh01_50fps.yuv	sh11_50fps.yuv	0.4117	768	432	500
7	3	sh01_50fps.yuv	sh12_50fps.yuv	0.7044	768	432	500
7	4	sh01_50fps.yuv	sh13_50fps.yuv	0.1210	768	432	500
7	4	sh01_50fps.yuv	sh14_50fps.yuv	0.2616	768	432	500
7	4	sh01_50fps.yuv	sh15_50fps.yuv	0.5304	768	432	500
7	4	sh01_50fps.yuv	sh16_50fps.yuv	0.6199	768	432	500
8	0	mc01_50fps.yuv	mc01_50fps.yuv	0.0000	768	432	500
8	1	mc01_50fps.yuv	mc02_50fps.yuv	0.9439	768	432	500
8	1	mc01_50fps.yuv	mc03_50fps.yuv	0.7623	768	432	500
8	1	mc01_50fps.yuv	mc04_50fps.yuv	0.5693	768	432	500
8	1	mc01_50fps.yuv	mc05_50fps.yuv	0.5358	768	432	500
8	2	mc01_50fps.yuv	mc06_50fps.yuv	0.8436	768	432	500
8	2	mc01_50fps.yuv	mc07_50fps.yuv	0.5495	768	432	500
8	2	mc01_50fps.yuv	mc08_50fps.yuv	0.4611	768	432	500
8	3	mc01_50fps.yuv	mc09_50fps.yuv	0.3271	768	432	500
8	3	mc01_50fps.yuv	mc10_50fps.yuv	0.3550	768	432	500
8	3	mc01_50fps.yuv	mc11_50fps.yuv	0.5324	768	432	500
8	3	mc01_50fps.yuv	mc12_50fps.yuv	0.7344	768	432	500
8	4	mc01_50fps.yuv	mc13_50fps.yuv	0.0000	768	432	500
8	4	mc01_50fps.yuv	mc14_50fps.yuv	0.1910	768	432	500
8	4	mc01_50fps.yuv	mc15_50fps.yuv	0.4301	768	432	500
8	4	mc01_50fps.yuv	mc16_50fps.yuv	0.6746	768	432	500
9	0	pr01_50fps.yuv	pr01_50fps.yuv	0.0000	768	432	500
9	1	pr01_50fps.yuv	pr02_50fps.yuv	0.6063	768	432	500
9	1	pr01_50fps.yuv	pr03_50fps.yuv	0.7047	768	432	500
9	1	pr01_50fps.yuv	pr04_50fps.yuv	0.2893	768	432	500
9	1	pr01_50fps.yuv	pr05_50fps.yuv	0.2862	768	432	500
9	2	pr01_50fps.yuv	pr06_50fps.yuv	0.4855	768	432	500
9	2	pr01_50fps.yuv	pr07_50fps.yuv	0.5024	768	432	500
9	2	pr01_50fps.yuv	pr08_50fps.yuv	0.2721	768	432	500
9	3	pr01_50fps.yuv	pr09_50fps.yuv	0.1765	768	432	500
9	3	pr01_50fps.yuv	pr10_50fps.yuv	0.4544	768	432	500
9	3	pr01_50fps.yuv	pr11_50fps.yuv	0.5765	768	432	500
9	3	pr01_50fps.yuv	pr12_50fps.yuv	0.9222	768	432	500
9	4	pr01_50fps.yuv	pr13_50fps.yuv	0.1746	768	432	500
9	4	pr01_50fps.yuv	pr14_50fps.yuv	0.3163	768	432	500
9	4	pr01_50fps.yuv	pr15_50fps.yuv	0.4676	768	432	500
9	4	pr01_50fps.yuv	pr16_50fps.yuv	0.6149	768	432	500
